x = [2.53 -7.23 3.75 0.88; -1.18 0.40 4.57 -4.98; 4.61 3.42 3.35 -0.46; -0.56 -0.45 0.47 -4.38 ]
b = [ 4.83; 0.63; 1.37; -4.87]